1 0.292748 0.522886 0.179377 0.406686
4 0.809594 0.596253 0.0788509 0.228834
5 0.559956 0.524802 0.0268563 0.180512
3 0.908919 0.568236 0.0399105 0.304226
4 0.773649 0.588247 0.0794458 0.194789
3 0.391071 0.544763 0.0173314 0.147606
3 0.106155 0.518934 0.0286335 0.217436
3 0.123489 0.518012 0.0216542 0.200905
0 0.227123 0.523861 0.0859918 0.0884768
3 0.119613 0.518524 0.0251133 0.214412
0 0.214354 0.533994 0.0876105 0.0975867
3 0.101578 0.517498 0.0268981 0.211258
3 0.112999 0.518392 0.0247106 0.215934
